QGC WPL 110
0	0	3	20	0	0	0	0	0.0030000000000000	0.0000000000000000	5	1
1	0	3	21	0	0	0	0	0.0000000000000000	0.0000000000000000	5	1
2	0	3	21	0	0	0	0	0.0000000000000000	0.0030000000000000	5	1
3	0	3	21	0	0	0	0	0.0030000000000000	0.0030000000000000	5	1
4	0	3	21	0	0	0	0	0.0030000000000000	0.0000000000000000	5	1
5	0	3	16	0	0	0	0	0.0000800000000000	0.0002100000000000	5	1
6	0	3	16	0	0	0	0	0.0001100000000000	0.0004500000000000	5	1
7	0	3	16	0	0	0	0	0.0001300000000000	0.0006900000000000	5	1
8	0	3	16	0	0	0	0	0.0001300000000000	0.0009400000000000	5	1
9	0	3	16	0	0	0	0	0.0001300000000000	0.0012000000000000	5	1
10	0	3	16	0	0	0	0	0.0001300000000000	0.0014600000000000	5	1
11	0	3	16	0	0	0	0	0.0001400000000000	0.0017200000000000	5	1
12	0	3	16	0	0	0	0	0.0001400000000000	0.0019700000000000	5	1
13	0	3	16	0	0	0	0	0.0001400000000000	0.0022300000000000	5	1
14	0	3	16	0	0	0	0	0.0001400000000000	0.0024900000000000	5	1
15	0	3	16	0	0	0	0	0.0001500000000000	0.0027300000000000	5	1
16	0	3	16	0	0	0	0	0.0003200000000000	0.0003000000000000	5	1
17	0	3	16	0	0	0	0	0.0003500000000000	0.0005600000000000	5	1
18	0	3	16	0	0	0	0	0.0003500000000000	0.0008100000000000	5	1
19	0	3	16	0	0	0	0	0.0003600000000000	0.0010700000000000	5	1
20	0	3	16	0	0	0	0	0.0003600000000000	0.0013300000000000	5	1
21	0	3	16	0	0	0	0	0.0003600000000000	0.0015900000000000	5	1
22	0	3	16	0	0	0	0	0.0003600000000000	0.0018400000000000	5	1
23	0	3	16	0	0	0	0	0.0003600000000000	0.0021000000000000	5	1
24	0	3	16	0	0	0	0	0.0003600000000000	0.0023600000000000	5	1
25	0	3	16	0	0	0	0	0.0003600000000000	0.0026200000000000	5	1
26	0	3	16	0	0	0	0	0.0003600000000000	0.0028700000000000	5	1
27	0	3	16	0	0	0	0	0.0005600000000000	0.0002000000000000	5	1
28	0	3	16	0	0	0	0	0.0005800000000000	0.0006800000000000	5	1
29	0	3	16	0	0	0	0	0.0005800000000000	0.0009400000000000	5	1
30	0	3	16	0	0	0	0	0.0005800000000000	0.0012000000000000	5	1
31	0	3	16	0	0	0	0	0.0005800000000000	0.0014600000000000	5	1
32	0	3	16	0	0	0	0	0.0005800000000000	0.0017100000000000	5	1
33	0	3	16	0	0	0	0	0.0005800000000000	0.0019700000000000	5	1
34	0	3	16	0	0	0	0	0.0005800000000000	0.0022300000000000	5	1
35	0	3	16	0	0	0	0	0.0005800000000000	0.0024900000000000	5	1
36	0	3	16	0	0	0	0	0.0005900000000000	0.0027400000000000	5	1
37	0	3	16	0	0	0	0	0.0008000000000000	0.0003000000000000	5	1
38	0	3	16	0	0	0	0	0.0008000000000000	0.0005500000000000	5	1
39	0	3	16	0	0	0	0	0.0008000000000000	0.0008100000000000	5	1
40	0	3	16	0	0	0	0	0.0008000000000000	0.0010700000000000	5	1
41	0	3	16	0	0	0	0	0.0008000000000000	0.0013300000000000	5	1
42	0	3	16	0	0	0	0	0.0008000000000000	0.0015800000000000	5	1
43	0	3	16	0	0	0	0	0.0008000000000000	0.0018400000000000	5	1
44	0	3	16	0	0	0	0	0.0008100000000000	0.0021000000000000	5	1
45	0	3	16	0	0	0	0	0.0008100000000000	0.0023600000000000	5	1
46	0	3	16	0	0	0	0	0.0008100000000000	0.0026100000000000	5	1
47	0	3	16	0	0	0	0	0.0010200000000000	0.0001700000000000	5	1
48	0	3	16	0	0	0	0	0.0010200000000000	0.0004200000000000	5	1
49	0	3	16	0	0	0	0	0.0010200000000000	0.0006800000000000	5	1
50	0	3	16	0	0	0	0	0.0010200000000000	0.0009400000000000	5	1
51	0	3	16	0	0	0	0	0.0010300000000000	0.0012000000000000	5	1
52	0	3	16	0	0	0	0	0.0010300000000000	0.0014500000000000	5	1
53	0	3	16	0	0	0	0	0.0010300000000000	0.0017100000000000	5	1
54	0	3	16	0	0	0	0	0.0010300000000000	0.0019700000000000	5	1
55	0	3	16	0	0	0	0	0.0010300000000000	0.0022300000000000	5	1
56	0	3	16	0	0	0	0	0.0010300000000000	0.0024900000000000	5	1
57	0	3	16	0	0	0	0	0.0010500000000000	0.0027000000000000	5	1
58	0	3	16	0	0	0	0	0.0012500000000000	0.0002900000000000	5	1
59	0	3	16	0	0	0	0	0.0012500000000000	0.0005500000000000	5	1
60	0	3	16	0	0	0	0	0.0012500000000000	0.0008100000000000	5	1
61	0	3	16	0	0	0	0	0.0012500000000000	0.0010700000000000	5	1
62	0	3	16	0	0	0	0	0.0012500000000000	0.0013300000000000	5	1
63	0	3	16	0	0	0	0	0.0012500000000000	0.0015800000000000	5	1
64	0	3	16	0	0	0	0	0.0012500000000000	0.0018400000000000	5	1
65	0	3	16	0	0	0	0	0.0012500000000000	0.0021000000000000	5	1
66	0	3	16	0	0	0	0	0.0012500000000000	0.0023600000000000	5	1
67	0	3	16	0	0	0	0	0.0014700000000000	0.0001700000000000	5	1
68	0	3	16	0	0	0	0	0.0014700000000000	0.0004200000000000	5	1
69	0	3	16	0	0	0	0	0.0014700000000000	0.0006800000000000	5	1
70	0	3	16	0	0	0	0	0.0014700000000000	0.0009400000000000	5	1
71	0	3	16	0	0	0	0	0.0014700000000000	0.0012000000000000	5	1
72	0	3	16	0	0	0	0	0.0014700000000000	0.0014500000000000	5	1
73	0	3	16	0	0	0	0	0.0014700000000000	0.0017100000000000	5	1
74	0	3	16	0	0	0	0	0.0014700000000000	0.0019700000000000	5	1
75	0	3	16	0	0	0	0	0.0014800000000000	0.0022300000000000	5	1
76	0	3	16	0	0	0	0	0.0014800000000000	0.0024800000000000	5	1
77	0	3	16	0	0	0	0	0.0014900000000000	0.0027200000000000	5	1
78	0	3	16	0	0	0	0	0.0016900000000000	0.0002900000000000	5	1
79	0	3	16	0	0	0	0	0.0016900000000000	0.0005500000000000	5	1
80	0	3	16	0	0	0	0	0.0016900000000000	0.0008100000000000	5	1
81	0	3	16	0	0	0	0	0.0016900000000000	0.0010700000000000	5	1
82	0	3	16	0	0	0	0	0.0017000000000000	0.0013200000000000	5	1
83	0	3	16	0	0	0	0	0.0017000000000000	0.0015800000000000	5	1
84	0	3	16	0	0	0	0	0.0017000000000000	0.0018400000000000	5	1
85	0	3	16	0	0	0	0	0.0017000000000000	0.0021000000000000	5	1
86	0	3	16	0	0	0	0	0.0017000000000000	0.0023500000000000	5	1
87	0	3	16	0	0	0	0	0.0017000000000000	0.0026100000000000	5	1
88	0	3	16	0	0	0	0	0.0017000000000000	0.0028700000000000	5	1
89	0	3	16	0	0	0	0	0.0019100000000000	0.0001600000000000	5	1
90	0	3	16	0	0	0	0	0.0019200000000000	0.0004200000000000	5	1
91	0	3	16	0	0	0	0	0.0019200000000000	0.0006800000000000	5	1
92	0	3	16	0	0	0	0	0.0019200000000000	0.0009400000000000	5	1
93	0	3	16	0	0	0	0	0.0019200000000000	0.0011900000000000	5	1
94	0	3	16	0	0	0	0	0.0019200000000000	0.0014500000000000	5	1
95	0	3	16	0	0	0	0	0.0019200000000000	0.0017100000000000	5	1
96	0	3	16	0	0	0	0	0.0019200000000000	0.0019700000000000	5	1
97	0	3	16	0	0	0	0	0.0019200000000000	0.0022200000000000	5	1
98	0	3	16	0	0	0	0	0.0019200000000000	0.0024800000000000	5	1
99	0	3	16	0	0	0	0	0.0019200000000000	0.0027400000000000	5	1
100	0	3	16	0	0	0	0	0.0021400000000000	0.0002900000000000	5	1
101	0	3	16	0	0	0	0	0.0021400000000000	0.0005500000000000	5	1
102	0	3	16	0	0	0	0	0.0021400000000000	0.0008100000000000	5	1
103	0	3	16	0	0	0	0	0.0021400000000000	0.0010600000000000	5	1
104	0	3	16	0	0	0	0	0.0021400000000000	0.0013200000000000	5	1
105	0	3	16	0	0	0	0	0.0021400000000000	0.0015800000000000	5	1
106	0	3	16	0	0	0	0	0.0021400000000000	0.0018400000000000	5	1
107	0	3	16	0	0	0	0	0.0021400000000000	0.0020900000000000	5	1
108	0	3	16	0	0	0	0	0.0021500000000000	0.0023500000000000	5	1
109	0	3	16	0	0	0	0	0.0021500000000000	0.0026100000000000	5	1
110	0	3	16	0	0	0	0	0.0023600000000000	0.0001600000000000	5	1
111	0	3	16	0	0	0	0	0.0023600000000000	0.0004200000000000	5	1
112	0	3	16	0	0	0	0	0.0023600000000000	0.0006800000000000	5	1
113	0	3	16	0	0	0	0	0.0023600000000000	0.0009300000000000	5	1
114	0	3	16	0	0	0	0	0.0023600000000000	0.0011900000000000	5	1
115	0	3	16	0	0	0	0	0.0023700000000000	0.0014500000000000	5	1
116	0	3	16	0	0	0	0	0.0023700000000000	0.0017100000000000	5	1
117	0	3	16	0	0	0	0	0.0023700000000000	0.0019600000000000	5	1
118	0	3	16	0	0	0	0	0.0023700000000000	0.0022200000000000	5	1
119	0	3	16	0	0	0	0	0.0023700000000000	0.0024800000000000	5	1
120	0	3	16	0	0	0	0	0.0023700000000000	0.0027400000000000	5	1
121	0	3	16	0	0	0	0	0.0025800000000000	0.0002900000000000	5	1
122	0	3	16	0	0	0	0	0.0025800000000000	0.0005500000000000	5	1
123	0	3	16	0	0	0	0	0.0025900000000000	0.0008000000000000	5	1
124	0	3	16	0	0	0	0	0.0025900000000000	0.0010600000000000	5	1
125	0	3	16	0	0	0	0	0.0025900000000000	0.0013200000000000	5	1
126	0	3	16	0	0	0	0	0.0025900000000000	0.0015800000000000	5	1
127	0	3	16	0	0	0	0	0.0025900000000000	0.0018400000000000	5	1
128	0	3	16	0	0	0	0	0.0025900000000000	0.0020900000000000	5	1
129	0	3	16	0	0	0	0	0.0025900000000000	0.0023500000000000	5	1
130	0	3	16	0	0	0	0	0.0025900000000000	0.0026100000000000	5	1
131	0	3	16	0	0	0	0	0.0025900000000000	0.0028700000000000	5	1
132	0	3	16	0	0	0	0	0.0028100000000000	0.0001600000000000	5	1
133	0	3	16	0	0	0	0	0.0028100000000000	0.0004200000000000	5	1
134	0	3	16	0	0	0	0	0.0028100000000000	0.0006800000000000	5	1
135	0	3	16	0	0	0	0	0.0028100000000000	0.0009300000000000	5	1
136	0	3	16	0	0	0	0	0.0028100000000000	0.0011900000000000	5	1
137	0	3	16	0	0	0	0	0.0028100000000000	0.0014500000000000	5	1
138	0	3	16	0	0	0	0	0.0028100000000000	0.0017100000000000	5	1
139	0	3	16	0	0	0	0	0.0028100000000000	0.0019600000000000	5	1
140	0	3	16	0	0	0	0	0.0028100000000000	0.0022200000000000	5	1
141	0	3	16	0	0	0	0	0.0028200000000000	0.0024800000000000	5	1
142	0	3	16	0	0	0	0	0.0028200000000000	0.0027400000000000	5	1
143	0	3	16	0	0	0	0	0.0006600000000000	0.0029300000000000	5	1
144	0	3	16	0	0	0	0	0.0010200000000000	0.0029300000000000	5	1
145	0	3	16	0	0	0	0	0.0007900000000000	0.0000700000000000	5	1
146	0	3	16	0	0	0	0	0.0025700000000000	0.0000700000000000	5	1
147	0	3	16	0	0	0	0	0.0012300000000000	0.0000700000000000	5	1
148	0	3	16	0	0	0	0	0.0021200000000000	0.0000700000000000	5	1
149	0	3	16	0	0	0	0	0.0013100000000000	0.0026600000000000	5	1
150	0	3	16	0	0	0	0	0.0022800000000000	0.0029300000000000	5	1
151	0	3	16	0	0	0	0	0.0002400000000000	0.0000700000000000	5	1
152	0	3	16	0	0	0	0	0.0004900000000000	0.0005000000000000	5	1
153	0	3	16	0	0	0	0	0.0000700000000000	0.0028700000000000	5	1
154	0	3	16	0	0	0	0	0.0014500000000000	0.0028800000000000	5	1
155	0	3	16	0	0	0	0	0.0027500000000000	0.0029300000000000	5	1
156	0	3	16	0	0	0	0	0.0020600000000000	0.0027900000000000	5	1